3.17
3.18
3.18
3.18
3.18
3.18
3.18
3.18
3.18
3.17
3.18
3.18
3.18
3.18
3.18
3.18
3.18
3.18
3.20
3.20
3.20
3.20
3.20
3.20
3.20
3.20
3.18
3.20
3.20
3.20
3.20
3.18
3.18
3.27
3.42
3.50
3.50
3.51
3.51
3.51
3.51
3.51
3.50
3.51
3.51
3.50
3.51
3.51
3.51
3.52
3.52
3.51
3.51
3.50
3.50
3.51
3.51
3.51
3.51
3.51
3.51
3.51
3.51
3.51
3.51
3.51
3.51
3.51
3.51
3.51
3.51
3.51
3.52
3.51
3.52
3.51
3.51
3.51
3.51
3.51
3.51
3.52
3.21
3.21
3.21
3.21
3.21
3.21
3.21
3.21
3.21
3.21
3.21
3.21
3.20
3.20
3.20
3.18
3.18
3.20
3.20
