779420
945156
945156
1214668
982776
1350600
1350568
1350640
1350616
1350552
1350280
1350280
1350280
1350268
1350404
1284280
1284108
1284076
1284840
1284840
1285624
1285624
1285636
1285636
1286028
1285636
1285636
1285344
1285344
1285124
1285124
1285092
1285092
1284920
1285728
1285728
1285216
1285216
1285216
1285216
1285184
1285184
1285232
1285292
1285292
1285212
1285212
1285372
1285372
1285372
1285244
1285244
1285308
1285308
1285188
1285188
1285188
1285156
1285156
1285252
1285252
1285252
1285228
1285228
1285276
1285276
1285212
1285212
1285308
1285308
1286376
1286344
1286344
1286464
1286536
1286344
1286344
1286488
1286488
1286424
1286720
1286720
1286688
1286688
1286768
1286768
1286768
1287996
1287996
1288136
1288136
1287656
1287416
1287416
1287352
1287352
1287352
1286700
1286700
1286164
1286164
1286164
1286164
1286164
1286164
1285904
1285844
1285844
1286404
1286404
1287228
1287228
1287968
1287968
1299576
1291280
1291280
1291240
1291536
1291536
1291432
1291432
1291864
1292180
1292180
1292080
1292080
1292224
1292572
887104
887104
954548
954548
1088948
1088948
1291564
1359896
1360236
763316
1360900
892432
892980
1159780
1362668
1362668
896972
896972
1159864
1363644
1363912
1364712
1364892
1300772
1300624
1301424
1301920
1302368
1302368
1302508
1302508
1302712
1302616
1302616
1302892
1302892
1303348
1303348
1303532
1303704
1303704
1303940
1303940
1304084
1304436
1304436
1304676
1304676
1305232
1305120
1305120
1305088
1305088
1305008
1305008
1305008
1304976
1304976
1305008
1305008
1304976
1305008
1305072
1305072
1305072
1305072
1305136
1305136
1305136
1305104
1305104
1305072
1305072
1305072
1305072
1305072
1305072
1305072
1305072
1305040
1305072
1305072
1305072
1305072
1305072
1305072
1305104
1305072
1305072
1305072
1305072
1305008
1305008
1304976
1305008
1305008
1305008
1305008
1305008
1305008
1305008
1305056
1305056
1305056
1305056
1305056
1305056
1305136
1305136
1305136
1305152
1305152
1305080
1305080
1305112
1305112
1305112
1305112
1305112
1305236
1305236
1305236
1305204
1305204
1305204
1305204
1305236
1305204
1305204
1305236
1305236
1305236
1305236
1305236
1305284
1305284
1305316
1305316
1305132
1305132
1305004
1304988
1304988
1304988
1304988
1304988
1304988
1304972
1304972
1304972
1305004
1305004
1305004
1305004
1304996
1304996
1304996
1305004
1305004
1305036
1305036
1304972
1304940
1304940
1304972
1304972
1304988
1304956
1304956
1304988
1304988
1305004
1305004
1305004
1304972
1304972
1305068
1305068
1305036
1305036
1305068
1305068
1304988
1304956
1304956
1304988
1305004
1305004
1304972
1304972
1304988
1304988
1305112
1305112
1305112
1305144
1305144
1305144
1305144
1305176
1305208
1305208
1305208
1305208
1305144
1305144
1305144
1305144
1305144
1305144
1305144
1305144
1305144
1305144
1305128
1305128
1306208
1306232
1306232
1306296
1306296
1306288
1306288
1306288
1306224
1306224
1306224
1306224
1306224
1306224
1306224
1306224
1306224
1306192
1306192
1306224
1306224
1306208
1306240
1306240
1306304
1306304
1306288
1306288
1306288
1306224
1306224
1306224
1306224
1306224
1306192
1306192
1306224
1306224
1306192
1306192
1306224
1306224
1306224
1306192
1306192
1306192
1306192
1306160
1306192
1306192
1306160
1306160
1306176
1306176
1306176
1306176
1306176
1306176
1306176
1306144
1306144
1306144
1306176
1306176
1306176
1306176
1306176
1306080
1306048
1306048
1306080
1306080
1306080
1306080
1306080
1306080
1306080
1306112
1306112
