17038348
17038252
17038056
17037860
17037828
17037416
17037256
17037056
17036896
17036768
17036704
17036448
17036384
17037760
17037636
17037540
17040324
17040324
17040196
17040040
17039848
17039564
17039436
17039340
17039216
17039212
17039148
17038956
17038796
17038700
17038636
17038476
17038284
17038124
17037996
17037932
17037772
17037612
17037580
17037512
17037452
17037260
17038572
17038508
17040016
17039952
17039888
17039664
17039568
17039436
17039368
17039400
17039120
17039088
17038864
17038800
17038740
17038612
17038228
17038128
17038108
17037900
17037868
17038796
17037836
17037676
17037612
17037580
17037328
17037200
17037128
17036996
17036780
17036748
17036544
17036292
17036196
17036100
17036036
17035908
17035816
17037224
17036968
17036828
17036828
17036664
17037080
17037680
17037588
17036696
17038124
17038060
17037932
17037900
17037836
17039048
17038952
17038808
17038776
17038520
17038428
17038364
17038172
17038076
17037900
17037708
17037664
17037596
17037404
17037300
17037108
17036892
17036776
17036680
17036584
17036328
17036200
17036136
17037704
17037540
17037508
17037252
17037124
17037124
17036964
17036840
17036552
17036520
17036392
17036264
17036136
17037612
17037320
17037256
17037096
17036968
17036904
17036680
17036620
17038060
17037868
17037868
17037580
17037548
17037420
17037948
17037820
17037696
17037532
17037372
17037276
17037180
17037052
17036768
17038304
17038176
17038080
17038016
17037792
17038460
17038332
17037244
17037148
17036956
17036860
17036860
17036732
17036604
17027368
17027272
17027240
17027104
17026912
17026780
17026560
17026496
17026352
17026192
17026128
17025960
17025864
17025800
17025736
17025576
17028076
17027952
17027032
17027000
17028404
17028272
17028176
17028140
17027984
17027792
17027728
17027944
17027840
17027652
17027516
17027480
17027312
17027280
17027152
17026964
17026960
17026768
17026580
17026516
17026484
17026324
17027636
17027504
17027376
17027248
17027156
17030584
17030488
17030412
17030284
17030220
17030024
17029800
17029796
17031108
17032580
17032452
17032356
17032260
17032168
17032076
17033420
17033388
17033100
17032940
17032908
17032840
17032680
17032452
17032356
17032260
17032232
17032072
17031976
17031660
17031564
17031556
17031744
17031428
17031336
17031176
17031048
17030848
17031780
17031744
17030708
17030572
17031852
17033260
17033196
17033164
17033068
17032812
17032716
17032652
17032556
17032460
17032204
17032112
17032016
17031892
17031764
17031636
17031476
17031348
17032808
17032744
17032584
17033328
17033528
17032520
17032424
17032296
17032176
17032012
17031788
17031688
17031684
17031556
17031460
17031280
17031024
17030900
17030868
17032308
17032148
17032084
17031936
17031872
17031740
17031644
17035244
17035148
17035112
17034952
17034824
17034720
17034564
17034436
17034308
17034128
17033876
17033844
17033780
17033652
17033396
17033356
17033228
17033164
17033100
17033036
17032624
17032528
17032436
17032340
17032276
17032028
17031932
17031836
17033372
17033372
17034908
17034876
17034876
17034876
17034876
17034876
17034876
17034876
17034876
17034876
17033228
17033136
17033136
17033136
17033008
17034528
17035460
17035396
17035396
17036928
17036928
17037164
17036396
17037384
17036736
17036608
17036608
17036484
17036484
17036484
17036444
17036380
17036380
17036380
17036348
17036348
17036348
17035184
17033000
17034536
17034536
17034472
17034472
17034500
17034472
17034440
17034644
17034644
17035612
17035612
17035612
17033712
17033680
17033680
17033580
17033572
17033572
17033572
17033540
17035076
17035044
17035012
17035012
17035012
17033624
17033592
17033592
17033816
17033720
17033720
17033688
17035128
17035128
17035128
17035128
17035192
17035192
17035192
17033636
17033476
17033384
17033256
17033224
17033224
17033224
17033164
17033164
17033132
17033100
17033100
17033100
17033360
17033360
17033328
17033264
17033232
17033232
17033232
17034704
17034704
17034704
17034672
17034640
17034640
17034640
17033108
17033012
17032948
17032916
17032916
17033608
17034648
17034144
17034112
17034112
17034112
17034080
17034080
17033360
17033264
17033268
17033268
17033076
17033076
17033076
17034548
17034548
17036084
17036084
17036020
17036020
17036020
17034736
17034704
17034736
17034608
17035136
17035128
17034292
17034292
17034292
17034292
17034260
17034260
17034260
17033504
17033408
17033408
17033408
17033280
17033248
17033248
17033216
17033184
17033152
17033124
17033156
17033156
17033156
17031908
17031816
17033352
17033288
17033288
17033288
17033288
17034760
17034760
17034760
17034696
17034696
17034696
17033236
17033204
17033204
17033204
17034644
17034644
17037716
17037716
17037716
17037716
17036564
17036564
17037556
17037556
17037720
17037688
17037656
17037656
17039192