36499228
36498988
36499052
36498636
36498500
36498488
36498536
36498820
36498676
36498604
36498472
36498068
36498208
36498244
36496008
36495952
36495620
36495656
36495336
36495528
36495952
36495272
36495588
36495152
36495288
36496868
36496264
36494580
36494440
36494100
36494200
36493820
36493972
36493912
36493672
36493628
36493216
36491796
36491804
36491732
36491968
36491292
36490292
36490288
36490312
36490192
36491624
36492756
36492748
36492848
36493668
36493552
36492208
36493604
36493716
36495048
36496292
36495972
36495796
36495716
36495716
36495384
36495408
36494864
36494604
36494436
36494584
36494656
36492772
36494100
36494580
36495372
36495048
36496212
36496052
36496128
36496580
36497208
36496524
36496476
36498068
36497548
36497372
36496860
36498300
36498084
36497696
36497336
36497384
36496492
36495972
36496192
36495948
36495876
36497184
36498404
36498296
36497812
36497932
36497648
36497484
36498896
36500396
36500652
36500188
36499896
36500212
36499632
36499260
36498880
36498640
36498276
36497836
36497660
36497424
36499300
36499212
36498252
36498196
36497668
36497592
36497472
36497664
36497060
36496776
36496960
36496772
36496480
36496348
36496384
36497568
36497804
36497416
36497148
36497564
36496584
36497796
36497696
36497420
36498860
36498472
36498172
36500428
36500048
36499524
36499444
36499160
36498732
36498888
36498176
36497900
36499880
36499244
36499028
36498736
36498768
36501700
36501528
36501836
36501132
36500540
36500456
36500364
36499936
36500000
36500048
36502956
36502956
36502576
36502164
36502180
36503720
36503496
36502392
36502316
36501936
36501856
36503140
36504664
36504332
36503884
36504056
36503676
36503608
36503288
36503668
36502900
36502896
36502692
36502620
36502124
36501820
36501616
36501652
36503392
36503164
36502980
36502880
36502536
36504020
36503736
36505064
36504732
36505324
36504592
36505692
36507848
36507712
36507552
36507160
36506808
36506804
36506624
36506700
36506744
36507552
36507556
36507460
36508444
36508124
36507908
36507672
36507416
36507488
36507472
36506980
36506668
36506696
36506512
36506520
36506484
36506688
36506168
36506196
36506128
36506000
36508376
36512076
36513692
36513464
36513308
36513152
36510728
36510428
36512048
36510880
36510720
36511284
36511260
36511408
36511632
36511560
36511376
36511544
36511296
36510708
36508052
36508284
36508256
36508376
36508432
36508132
36509344
36510832
36510944
36510760
36510876
36509060
36508668
36508572
36508820
36510604
36512048
36512048
36512564
36513828
36511428
36512940
36512868
36513232
36513384
36513404
36511880
36511864
36511492
36511220
36511560
36511032
36511020
36510968
36510756
36511544
36512296
36512300
36512280
36512520
36510124
36510060
36512904
36513100
36513092
36513320
36514760
36514796
36514384
36514256
36514640
36514720
36514708
36512436
36512360
36511968
36511732
36512012
36511468
36511812
36513340
36513456
36513500
36512364
36512528
36512696
36513536
36512016
36511836
36513176
36513680
36513540
36513296
36513352
36512188
36511184
36511036
36511376
36513380
36513668
36512480
36512036
36512284
36512300
36511944
36513596
36513620
36514100
36514064
36514072
36513448
36513816
36514384
36514236
36511956
36511564
36511424
36511424
36511308
36511192
36512724
36512992
36513516
36515144
36515220
36515276
36516436
36514272
36514140
36515776
36516148
36515200
36514940
36514632
36516000
36515872
36515640
36515208
36514856
36516448
36516372
36516316
36515296
36515276
36515392
36515484
36515424
36515664
36515980
36516156
36515488
36515784
36515924
36516092
36515056
36515092
36514876
36516496
36516400
36517912
36519484
36519172
36519316
36518900
36519168
36518912
36518544
36518684
36516436
36516000
36515500
36516492
36515704
36517040
36517272
36517368
36517288
36517372
36517340
36517540
36517228
36515588
36515520
36515236
36514704
36514672
36514232
36514312
36514164
36513732
36513956
36513584
36513536
36513596
36514964
36513744
36512312
36512224
36511816
36512232
36511952
36511884
36512092
36512324
36512268
36512180
36512104
36513600
36513084
36514448
36514152
36513944
36515740
36515444
36515224
36515260
36515500
36515360
36515552
36515812
36517640
36518640
36517612
36518832
36518540
36518828
36518828
36518828
36518828
36518828
36518828
36517668
36517636
36517636
36517576
36517348
36517288
36517256
36517852
36517852
36517852
36517824
36517824
36517824
36517824
36517824
36517824
36517824
36517824
36516384
36516236
36516172
36516172
36516172
36516172
36516172
36516204
36516204
36516204
36516204
36516204
36516204
36514928
36514808
36514776
36514776
36514744
36514744
36514744
36514744
36514744
36514712
36514712
36513760
36513760
36513728
36513356
36513832
36513844
36513540
36513408
36515052
36516624
36516544
36516288