4347624
4348628
4348012
4347996
4347456
4347208
4347996
4347860
4347860
4348132
4348232
4348232
4348152
4348256
4348256
4348216
4348204
4348080
4348048
4347800
4347800
4347232
4346980
4347104
4348360
4348160
4348036
4348576
4485500
4505604
4515844
4517908
4500980
4499628
4492996
4513476
4497204
4509300
4493384
4498204
4494212
4481840
4498208
4507016
4508540
4489256
4494772
4499840
4496516
4511220
4500116
4501160
4495364
4487712
4504500
4505940
4486124
4481868
4479436
4492688
4502560
4484672
4515528
4489664
4500788
4519496
4501812
4490764
4497376
4484280
4493360
4502984
4497588
4508160
4507356
4503492
4517600
4507360
4500100
4491080
4483092
4501164
4493520
4489980
4490992
4499488
4497200
4495012
4500064
4501024
4495876
4532232
4505436
4519848
4526840
4499288
4495180
4504956
4513444
4497360
4501860
4506968
4510252
4499532
4508444
4490556
4498936
4539672
4519720
4514680
4520400
4506548
4508824
4520660
4498372
4500852
4513596
4505844
4500820
4498340
4511972
4518120
4511264
4523564
4506264
4494576
4499588
4500936
4522120
4524948
4524908
4519660
4500200
4511648
4516980
4494560
4483560
4497708
4497764
4504848
4516936
4496456
4511660
4496328
4495696
4503644
4490480
4487928
4487080
4495536
4514228
4481568
4494108
4505516
4496860
4509364
4502240
4504040
4511172
4499348
4511912
4496740
4492888
4516904
4490308
4509820
4491828
4491652
4502916
4503296
4498988
4510692
4491456
4492436
4496568
4510848
4513648
4492452
4493908
4506952
4498376
4514060
4519460
4516288
4506416
4511676
4519452
4503708
4512932
4504428
4493344
4505792
4510440
4514032
4509020
4501228
4504028
4517568
4519184
4508228
4504228
4499724
4500108
4506692
4510176
4493792
4507912
4496612
4510232
4507456
4497616
4494544
4497224
4516576
4498564
4500788
4514104
4516276
4493472
4522008
4501912
4514000
4490400
4501020
4510744
4507508
4506036
4509788
4496736
4500416
4499056
4507160
4499856
4500240
4496208
4505224
4505892
4512756
4524256
4508324
4514264
4514476
4514840
4515380
4502088
4519852
4520360
4520972
4546956
4518736
4518988
4510188
4522776
4500424
4517928
4513864
4514016
4523296
4520288
4523980
4524600
4511548
4507560
4518756
4511728
4522364
4518684
4533228
4518700
4516072
4522544
4524940
4532948
4502208
4525620
4518688
4512460
4521236
4505232
4529784
4543012
4507856
4504704
4494912
4526968
4531060
4513936
4527784
4519128
4495228
4501536
4529572
4511700
4508284
4512540
4518368
4519920
4529056
4510828
4511748
4516616
4518216
4517128
4518740
4520816
4522096
4519876
4523700
4508428
4529428
4517500
4509944
4524144
4502540
4520256
4495984
4512780
4503564
4513060
4527516
4524420
4531568
4510800
4525780
4515092
4520352
4500768
4512848
4520380
4523032
4517780
4504244
4506420
4518868
4499492
4513764
4505036
4510868
4512676
4524256
4504028
4504420
4513968
4521168
4512036
4518624
4514508
4522076
4502320
4511812
4508904
4529912
4521932
4522776
4531780
4518964
4508652
4512848
4509364
4523324
4520192
4502508
4527016
4503928
4512008
4528116
4530104
4526720
4505984
4509160
4514724
4506476
4520708
4520048
4506012
4511052
4504836
4523144
4522868
4532528
4532308
4528080
4514964
4522556
4505180
4514864
4514396
4516036
4532060
4521816
4517252
4519132
4521476
4520412
4507048
4510240
4510180
4511024
4510356
4506120
4515832
4519840
4514288
4511524
4501088
4511828
4519924
4539280
4510840
4508592
4515400
4513120
4525656
4524732
4510916
4523776
4525000
4522204
4513016
4517340
4521700
4519124
4514976
4517036
4519940
4497552
4505700
4508520
4517856
4509928
4511592
4517268
4519344
4538336
4523424
4529280
4526164
4518936
4531824
4517708
4503948
4524332
4513288
4510448
4529088
4508212
4529336
4523300
4521304
4514684
4530648
4520304
4514928
4516004
4506836
4528608
4521852
4522520
4508320
4515712
4509480
4506524
4500728
4499916
4512484
4513648
4524980
4509384
4514688
4514776
4505432
4512752
4507912
4506216
4509120
4513444
4508448
4508284
4514028
4503708
4520496
4518764
4510056
4527372
4522404
4511680
4516792
4514604
4532428
4519268
4517372
4519420
4519800
4525012
4526132
4555148
4505648
4512480
4533920
4503920
4515168
4516256
4515180
4509844
4509380
4518836
4518968
4515420
4514160
4516268
4526468
4502008
4507868
4506040
4510948
4513408
4517996
4503548
4515496
4522132
4512856