19533996
19533932
19535500
19535500
19535500
19535500
19535500
19534036
19533972
19533944
19533916
19533852
19533852
19533852
19533764
19533764
19533764
19533764
19533764
19533764
19533764
19533720
19533660
19533660
19533564
19533536
19533536
19533440
19533440
19533440
19533376
19533376
19533376
19533376
19531552
19531520
19531456
19531332
19531144
19531052
19530852
19530724
19530724
19531216
19531176
19531176
19531176
19531144
19529864
19529832
19529832
19529824
19529824
19529824
19529824
19529824
19529824
19531360
19531360
19532896
19532896
19531424
19531296
19531264
19532772
19534244
19534244
19534244
19535148
19536140
19534980
19543412
19543372
19543348
19543348
19541848
19541848
19541848
19541784
19541784
19541756
19541724
19541724
19541724
19541724
19541724
19541724
19541724
19540200
19540072
19540044
19539884
19539852
19539852
19539788
19539788
19539788
19539788
19539788
19539788
19539788
19538572
19538412
19538388
19538320
19538320
19538320
19538352
19539856
19539856
19539824
19539824
19539824
19539824
19539824
19539956
19539416
19539352
19539192
19539192
19539136
19539592
19539592
19539068
19539068
19539036
19539036
19539004
19538296
19538296
19538236
19538220
19538124
19537996
19537996
19537968
19537968
19539504
19539472
19539472
19539472
19539472
19537964
19537936
19537904
19537776
19537776
19537756
19537692
19537692
19537692
19537692
19537660
19537660
19537660
19536300
19536268
19536124
19535964
19535996
19535996
19535964
19535900
19536924
19536924
19536924
19536924
19536956
19536136
19536096
19538604
19538604
19539704
19538808
19538776
19537660
19537628
19537596
19537532
19537484
19537484
19537484
19536664
19536632
19536664
19536600
19536568
19536568
19536600
19536600
19536600
19536600
19536600
19536600
19536600
19535036
19535004
19534972
19534972
19534972
19534972
19534972
19534940
19536476
19536444
19536444
19536444
19536412
19536412
19536528
19536400
19536400
19536144
19536144
19536144
19536144
19536112
19536080
19536080
19536080
19536080
19536080
19535244
19535144
19535144
19535144
19534984
19534924
19534892
19534828
19534828
19534828
19534828
19534828
19536364
19536364
19534816
19534784
19534784
19534720
19536224
19536192
19537696
19537696
19537696
19537696
19537664
19537632
19537632
19536384
19536352
19536324
19536260
19536260
19536260
19536260
19536228
19536228
19536228
19536228
19536228
19537252
19537096
19537064
19536316
19537884
19537788
19537760
19537728
19538148
19538148
19537988
19538984
19538984
19538952
19538952
19536352
19536256
19536256
19536176
19536176
19536112
19536080
19536080
19536080
19536080
19537616
19537584
19537584
19536380
19536284
19536284
19536284
19536188
19537724
19537692
19537692
19537692
19537660
19537628
19537340
19537340
19537340
19536316
19536288
19539352
19539288
19539288
19539256
19539192
19539192
19539192
19539192
19539160
19540184
19540184
19538732
19538604
19538576
19538576
19538544
19538544
19538516
19538496
19538488
19538456
19538424
19538424
19538424
19538424
19536828
19536768
19536768
19538244
19538208
19538192
19538152
19538152
19538152
19538152
19538120
19538120
19538120
19536556
19536492
19536464
19536400
19536400
19536368
19536368
19536336
19536308
19536276
19536212
19538740
19538740
19538264
19538044
19538016
19538016
19537920
19537920
19537920
19537888
19537888
19537888
19537888
19537888
19537888
19537888
19536484
19537672
19537672
19536772
19536760
19538276
19538276
19538180
19539716
19539684
19539684
19539716
19539716
19539716
19538332
19538300
19538300
19538300
19538300
19538268
19538236
19538236
19538204
19539740
19539676
19539676
19539676
19538400
19538272
19538240
19539712
19539712
19539712
19539712
19539680
19539680
19539680
19539680
19539648
19539648
19539648
19539804
19539804
19539792
19539728
19539728
19539696
19539664
19539696
19539636
19539636
19539604
19539604
19539604
19538256
19538152
19538092
19538060
19538060
19538060
19538032
19537968
19537968
19537960
19537960
19537960
19537928
19537928
19536296
19536268
19536204
19536172
19536140
19536172
19536172
19536172
19537708
19537708
19537708
19537708
19537676
19536300
19537280
19536552
19536488
19536488
19536456
19536456
19536416
19536416
19536416
19536352
19536320
19536320
19536496
19536464
19537668
19537668
19537296
19537296
19538736
19538672
19538672
19538672
19538640
19538960
19538960
19538960
19536708
19536580
19536580
19536548
19536548
19536548
19536516
19536516
19536516
19537160
19537012
19537012
19537012
19536512
19536416
19536388
19536356
19537860
19537860
19537860
19537860
19537860
19537860
19537860
19539364
19542436
19542436
19541160
19541096
19541032
19542536
19542536
19542536
19542536
19542504
19542504
19543528
19543496
19543496
19543496
19542652
19542620
19542676