22997236
22996980
22996980
22999072
22999048
22998668
22998388
22998388
22997328
22999800
22999800
22999676
22999552
22999552
22999552
22999552
23002032
23001464
23001464
23001464
23001264
23001072
23001072
23000512
23000512
23000512
23002496
23002496
23004316
23004440
23006300
23006176
23006176
23005944
23005912
23005912
23006904
23006284
23006284
23006160
23005564
23005564
23005316
23005316
23005316
23005176
23005052
23005052
23005052
23004892
23004432
23003856
23003732
23003732
23003068
23003068
23005268
23005248
23004824
23004824
23004824
23004824
23004452
23004452
23004124
23004124
23004000
23004000
23003780
23003780
23003408
23003368
23003244
23003244
23003492
23005628
23004164
23003984
23003480
23002688
23002688
23002316
23002316
23002316
23004484
23004244
23001960
23002060
23001680
23001680
23001308
23000824
23000824
23000752
23000752
23000752
23000752
23000380
23000380
23000380
22999804
22999804
23000204
23000080
23000080
22999908
22999908
22999388
22999388
22999388
22999388
22999512
22999464
22998676
22998676
22998676
22998304
22998304
22997932
22997932
22998580
22998580
22998580
22998484
22998180
22998180
22997932
22997932
22997684
22997644
22997644
22997644
22996904
22996112
22996112
22996112
22995988
22995900
22995900
22995900
22995280
22995212
22995088
22995312
22994876
22994876
22994876
22994876
22994380
22994380
22994380
22994200
22993988
22993616
22993616
22993308
22993188
22993188
22993084
22993084
22993084
22992836
22992836
22992812
22992812
22992564
22992564
22991944
22991736
22993944
22992052
22991624
22991376
22991252
22991032
22990540
22990540
22990416
22990168
22990168
22990168
22992048
22991512
22991084
22990696
22989928
22989460
22989308
22989308
22989184
22989184
22989184
22988888
22988936
22988764
22988888
22988544
22990380
22990380
22990704
22990560
22990560
22990176
22989996
22989872
22989872
22989624
22989624
22989496
22989432
22989432
22989432
22988840
22988684
22988684
22988684
22988312
22988312
22988312
22988312
22988312
22988112
22987988
22987988
22987988
22987740
22987140
22987140
22987140
22986464
22986464
22986464
22986096
22986096
22986096
22985988
22985988
22985864
22985796
22985796
22985780
22985780
22985600
22987584
22987584
22987584
22987304
22987740
22987740
22987336
22987336
22989608
22989576
22990180
22989768
22989768
22989272
22989272
22989272
22989000
22987548
22987512
22987388
22987240
22987240
22989696
22989696
22987920
22987896
22987324
22987200
22986788
22986788
22986664
22986540
22986260
22986260
22986260
22987084
22988556
22988032
22987544
22990124
22990124
22990000
22990000
22989876
22989736
22989736
22989240
22988000
22987604
22987604
22987232
22986736
22986736
22986720
22986720
22988332
22988332
22988208
22988208
22987728
22987696
22987696
22987076
22987076
22986988
22986988
22986988
22986864
22988692
22988568
22988568
22988320
22988072
22987948
22988420
22988420
22988420
22988420
22988296
22987996
22987996
22987500
22988988
22989316
22988804
22988680
22988308
22988308
22988184
22988060
22988060
22988060
22989492
22989368
22989492
22988988
22988864
22988864
22991344
22991220
22990864
22990556
22990416
22990416
22990368
22990368
22990320
22992304
22992304
22992280
22992136
22991872
22991872
22991840
22991840
22991840
22993156
22992624
22992460
22992452
22992500
22991748
22991624
22991376
22991128
22990848
22992496
22990932
22990932
22990816
22990144
22990020
22992624
22992344
22992344
22992344
22991972
22991468
22991468
22991468
22991444
22991444
22991320
22990824
22990304
22990304
22989932
22989684
22989684
22989412
22989288
22989288
22989288
22988776
22988528
22988528
22988528
22988380
22988256
22988228
22988228
22987856
22987808
22987684
22987560
22987480
22987316
22987192
22987192
22986820
22986416
22986416
22986292
22986292
22986152
22986276
22986152
22986128
22986128
22986128
22985508
22985384
22985228
22985228
22985228
22985228
22985228
22985352
22985352
22984808
22984808
22984396
22984892
22984892
22984768
22984480
22984232
22984604
22984604
22984480
22984480
22984480
22984432
22984432
22984184
22984184
22983812
22983656
22983128
22982756
22982756
22982632
22982608
22982608
22982236
22985428
22985172
22985408
22985108
22985108
22985180
22985032
22984996
22984996
22984996
22984832
22984708
22984708
22984088
22983956
22983832
22983832
22983708
22983528
22983528
22983528
22983280
22983032
22982908
22982744
22982372
22982372
22982372
22981876
22981752
22981472
22983456
22983316
22985796
22985904
22985780
22985756
22985756
22987616
22987616
22987616
22987152
22987028
22986980
22986856
22986856
22986928
22986928
22986680
22986680
22986548
22986548
22988492
22988368
22988120
22987872
22988616
22988616
22988448
22988448
22988232
22988108
22988108