20163912
20163384
20164824
20164708
20164644
20164364
20164252
20163884
20163796
20163700
20163616
20163616
20163332
20163208
20163144
20163140
20162852
20162820
20162680
20162648
20162552
20164176
20164112
20164104
20164072
20163480
20164792
20164760
20164760
20164632
20164432
20164148
20164180
20163892
20163864
20163704
20163444
20163320
20163128
20163096
20163000
20162848
20162816
20162688
20163612
20163700
20162608
20162568
20162168
20162136
20162064
20161840
20161816
20161580
20161548
20161516
20161196
20162700
20164468
20164436
20164340
20164308
20163964
20163808
20163584
20166656
20167128
20166344
20166336
20166240
20166148
20167492
20167228
20167196
20168700
20168700
20168700
20169592
20171128
20171128
20171032
20171032
20170744
20170620
20170456
20170456
20170456
20170168
20170168
20170168
20169792
20169696
20169504
20169412
20169412
20169412
20169380
20168932
20168740
20168740
20168612
20168548
20168548
20168324
20167944
20167944
20167788
20167696
20167600
20167436
20167308
20167244
20167244
20167020
20166732
20166700
20167028
20167028
20167676
20166464
20166404
20166212
20166212
20165904
20165808
20165776
20165616
20165584
20165324
20165068
20165036
20164872
20164872
20164648
20164428
20164428
20164236
20164172
20164144
20164144
20163888
20163728
20163600
20164320
20164392
20163368
20163336
20163080
20164584
20164520
20164312
20164312
20164088
20164056
20163832
20163672
20163608
20163324
20163292
20163132
20166108
20166044
20167520
20167488
20167456
20168768
20168992
20168460
20168364
20168236
20168140
20167836
20167808
20167776
20167712
20167492
20167364
20167132
20166940
20166912
20168416
20168164
20168072
20168072
20168072
20168072
20168072
20168072
20167404
20167244
20167116
20166956
20166892
20166828
20168140
20168108
20167948
20167948
20167916
20167600
20167592
20167464
20167276
20166988
20166796
20166604
20166572
20166540
20166508
20166348
20166284
20166124
20166124
20166504
20168832
20168800
20168484
20168568
20170500
20170348
20170148
20169948
20169856
20169600
20169468
20169468
20169212
20169184
20169152
20168988
20168708
20168520
20168456
20168904
20169404
20168680
20168528
20168528
20168336
20168004
20168004
20167824
20167696
20167600
20167412
20167124
20167060
20166772
20166708
20168244
20167892
20167768
20167704
20167548
20167484
20167204
20167108
20167048
20166924
20166640
20166576
20166348
20166316
20166284
20166252
20166028
20165952
20165912
20165492
20165340
20165116
20164956
20164892
20164892
20164892
20164540
20164344
20164280
20164232
20167304
20167272
20166792
20168264
20169832
20169832
20169544
20169544
20169512
20169152
20169120
20168772
20168584
20168492
20168492
20168460
20168428
20168136
20168104
20167876
20167844
20167844
20167448
20167416
20167256
20167256
20167040
20166880
20166876
20166684
20166660
20167632
20167732
20167036
20166436
20166124
20166092
20166028
20165788
20165780
20165652
20165652
20165396
20165300
20166676
20168212
20167972
20169444
20169352
20169164
20169100
20169068
20168844
20168812
20168460
20168428
20169392
20169888
20169300
20170304
20170180
20170128
20169936
20169812
20169812
20169780
20171060
20170968
20170936
20170684
20170556
20170148
20170088
20169992
20169960
20169672
20169640
20169544
20169532
20169308
20169244
20166648
20164588
20164556
20164048
20164048
20163800
20163740
20163644
20163952
20163352
20163352
20163132
20162940
20162956
20162928
20164432
20165456
20165332
20165268
20165268
20165240
20164848
20164788
20164788
20164628
20166104
20165852
20165852
20165660
20165536
20165444
20165380
20165000
20164936
20164768
20164768
20164420
20165956
20165956
20165828
20165732
20165516
20165480
20165184
20165152
20165120
20164996
20164968
20164968
20164704
20165516
20164492
20166064
20165976
20165816
20165640
20165384
20165384
20165320
20165412
20166648
20166560
20166432
20166208
20166208
20165920
20165792
20165728
20165696
20165400
20165180
20165704
20166204
20165544
20165228
20164932
20164900
20164744
20164680
20164648
20164584
20165868
20165808
20165556
20165396
20166900
20166644
20166644
20166484
20166484
20166360
20166008
20165980
20165948
20165948
20165632
20167104
20166816
20166752
20166752
20166624
20166348
20166288
20166228
20165908
20165844
20165812
20165780
20165780
20166048
20165072
20165008
20164976
20164976
20164756
20164724
20166260
20165912
20165848
20165592
20165528
20165400
20165368
20165208
20165112
20164984
20164856
20164668
20164604
20164540
20164356
20164148
20165652
20165588
20165524
20165364
20165204
20165140
20164948
20164884
20164788
20164536
20164472
20164248
20164248
20163992
20163800
20163736
20163672
20164928
20164800
20166424
20165704
20164828
20164536
20164308
20164180
20164024
20164024
20163896
20163736